LECROYWR6050,13141,Histogram
Segments,1,SegmentSize,100
Segment,TrigTime,TimeSinceSegment1
#1,01-Jan-2002 01:22:03,0                 
Time,Ampl
-0.0168,0
-0.0166,0
-0.0164,0
-0.0162,0
-0.016,0
-0.0158,0
-0.0156,0
-0.0154,0
-0.0152,1
-0.015,1
-0.0148,1
-0.0146,0
-0.0144,1
-0.0142,0
-0.014,0
-0.0138,0
-0.0136,0
-0.0134,0
-0.0132,0
-0.013,0
-0.0128,2
-0.0126,1
-0.0124,0
-0.0122,1
-0.012,0
-0.0118,1
-0.0116,0
-0.0114,0
-0.0112,0
-0.011,0
-0.0108,2
-0.0106,2
-0.0104,0
-0.0102,0
-0.01,3
-0.0098,1
-0.0096,3
-0.0094,1
-0.0092,3
-0.009,4
-0.0088,4
-0.0086,3
-0.0084,3
-0.0082,2
-0.008,10
-0.0078,3
-0.0076,6
-0.0074,9
-0.0072,9
-0.007,6
-0.0068,8
-0.0066,14
-0.0064,14
-0.0062,14
-0.006,10
-0.0058,24
-0.0056,11
-0.0054,16
-0.0052,31
-0.005,23
-0.0048,24
-0.0046,20
-0.0044,34
-0.0042,29
-0.004,30
-0.0038,32
-0.0036,32
-0.0034,44
-0.0032,57
-0.003,42
-0.0028,55
-0.0026,49
-0.0024,73
-0.0022,54
-0.002,70
-0.0018,44
-0.0016,35
-0.0014,23
-0.0012,1
-0.001,0
-0.0008,0
-0.0006,0
-0.0004,0
-0.0002,0
6.45e-018,0
0.0002,0
0.0004,0
0.0006,0
0.0008,0
0.001,0
0.0012,0
0.0014,0
0.0016,0
0.0018,0
0.002,0
0.0022,0
0.0024,0
0.0026,0
0.0028,0
0.003,0
