LECROYWR6050,13141,Histogram
Segments,1,SegmentSize,100
Segment,TrigTime,TimeSinceSegment1
#1,01-Jan-2002 01:22:03,0                 
Time,Ampl
-0.0168,0
-0.0166,0
-0.0164,0
-0.0162,1
-0.016,0
-0.0158,0
-0.0156,0
-0.0154,0
-0.0152,0
-0.015,0
-0.0148,1
-0.0146,0
-0.0144,0
-0.0142,0
-0.014,0
-0.0138,1
-0.0136,2
-0.0134,0
-0.0132,1
-0.013,1
-0.0128,0
-0.0126,0
-0.0124,2
-0.0122,0
-0.012,0
-0.0118,2
-0.0116,1
-0.0114,0
-0.0112,0
-0.011,0
-0.0108,2
-0.0106,0
-0.0104,0
-0.0102,4
-0.01,2
-0.0098,3
-0.0096,1
-0.0094,0
-0.0092,5
-0.009,1
-0.0088,4
-0.0086,4
-0.0084,2
-0.0082,5
-0.008,6
-0.0078,4
-0.0076,8
-0.0074,10
-0.0072,7
-0.007,11
-0.0068,6
-0.0066,8
-0.0064,9
-0.0062,17
-0.006,12
-0.0058,12
-0.0056,15
-0.0054,17
-0.0052,26
-0.005,22
-0.0048,33
-0.0046,30
-0.0044,36
-0.0042,31
-0.004,36
-0.0038,33
-0.0036,30
-0.0034,49
-0.0032,36
-0.003,52
-0.0028,59
-0.0026,37
-0.0024,82
-0.0022,62
-0.002,63
-0.0018,38
-0.0016,34
-0.0014,23
-0.0012,1
-0.001,0
-0.0008,0
-0.0006,0
-0.0004,0
-0.0002,0
6.45e-018,0
0.0002,0
0.0004,0
0.0006,0
0.0008,0
0.001,0
0.0012,0
0.0014,0
0.0016,0
0.0018,0
0.002,0
0.0022,0
0.0024,0
0.0026,0
0.0028,0
0.003,0
