LECROYWR6050,13141,Histogram
Segments,1,SegmentSize,100
Segment,TrigTime,TimeSinceSegment1
#1,01-Jan-2002 01:22:03,0                 
Time,Ampl
-0.0168,0
-0.0166,0
-0.0164,0
-0.0162,0
-0.016,0
-0.0158,0
-0.0156,0
-0.0154,1
-0.0152,0
-0.015,0
-0.0148,0
-0.0146,0
-0.0144,0
-0.0142,0
-0.014,0
-0.0138,0
-0.0136,1
-0.0134,0
-0.0132,1
-0.013,0
-0.0128,1
-0.0126,3
-0.0124,1
-0.0122,0
-0.012,2
-0.0118,1
-0.0116,2
-0.0114,2
-0.0112,2
-0.011,1
-0.0108,0
-0.0106,1
-0.0104,2
-0.0102,3
-0.01,2
-0.0098,5
-0.0096,3
-0.0094,2
-0.0092,1
-0.009,5
-0.0088,6
-0.0086,4
-0.0084,3
-0.0082,7
-0.008,6
-0.0078,8
-0.0076,11
-0.0074,6
-0.0072,7
-0.007,8
-0.0068,5
-0.0066,14
-0.0064,6
-0.0062,12
-0.006,11
-0.0058,14
-0.0056,23
-0.0054,16
-0.0052,27
-0.005,23
-0.0048,30
-0.0046,31
-0.0044,23
-0.0042,22
-0.004,23
-0.0038,32
-0.0036,31
-0.0034,51
-0.0032,34
-0.003,64
-0.0028,53
-0.0026,59
-0.0024,71
-0.0022,58
-0.002,61
-0.0018,43
-0.0016,36
-0.0014,18
-0.0012,0
-0.001,0
-0.0008,0
-0.0006,0
-0.0004,0
-0.0002,0
6.45e-018,0
0.0002,0
0.0004,0
0.0006,0
0.0008,0
0.001,0
0.0012,0
0.0014,0
0.0016,0
0.0018,0
0.002,0
0.0022,0
0.0024,0
0.0026,0
0.0028,0
0.003,0
