LECROYWR6050,13141,Histogram
Segments,1,SegmentSize,100
Segment,TrigTime,TimeSinceSegment1
#1,01-Jan-2002 01:22:03,0                 
Time,Ampl
-0.0168,0
-0.0166,0
-0.0164,0
-0.0162,1
-0.016,0
-0.0158,0
-0.0156,0
-0.0154,0
-0.0152,0
-0.015,0
-0.0148,0
-0.0146,1
-0.0144,0
-0.0142,0
-0.014,0
-0.0138,1
-0.0136,0
-0.0134,1
-0.0132,0
-0.013,1
-0.0128,2
-0.0126,0
-0.0124,0
-0.0122,1
-0.012,0
-0.0118,2
-0.0116,0
-0.0114,2
-0.0112,4
-0.011,0
-0.0108,2
-0.0106,2
-0.0104,0
-0.0102,1
-0.01,3
-0.0098,0
-0.0096,2
-0.0094,5
-0.0092,5
-0.009,4
-0.0088,7
-0.0086,2
-0.0084,7
-0.0082,6
-0.008,6
-0.0078,10
-0.0076,6
-0.0074,6
-0.0072,7
-0.007,8
-0.0068,7
-0.0066,20
-0.0064,14
-0.0062,10
-0.006,11
-0.0058,13
-0.0056,14
-0.0054,23
-0.0052,19
-0.005,22
-0.0048,28
-0.0046,19
-0.0044,32
-0.0042,24
-0.004,30
-0.0038,38
-0.0036,23
-0.0034,50
-0.0032,40
-0.003,57
-0.0028,44
-0.0026,44
-0.0024,76
-0.0022,65
-0.002,69
-0.0018,36
-0.0016,39
-0.0014,22
-0.0012,4
-0.001,0
-0.0008,0
-0.0006,0
-0.0004,0
-0.0002,0
6.45e-018,0
0.0002,0
0.0004,0
0.0006,0
0.0008,0
0.001,0
0.0012,0
0.0014,0
0.0016,0
0.0018,0
0.002,0
0.0022,0
0.0024,0
0.0026,0
0.0028,0
0.003,0
