LECROYWR6050,13141,Histogram
Segments,1,SegmentSize,100
Segment,TrigTime,TimeSinceSegment1
#1,01-Jan-2002 01:22:03,0                 
Time,Ampl
-0.0168,0
-0.0166,0
-0.0164,0
-0.0162,0
-0.016,1
-0.0158,1
-0.0156,0
-0.0154,0
-0.0152,0
-0.015,1
-0.0148,0
-0.0146,0
-0.0144,0
-0.0142,0
-0.014,0
-0.0138,0
-0.0136,0
-0.0134,0
-0.0132,0
-0.013,0
-0.0128,0
-0.0126,1
-0.0124,1
-0.0122,0
-0.012,0
-0.0118,0
-0.0116,0
-0.0114,1
-0.0112,0
-0.011,1
-0.0108,2
-0.0106,2
-0.0104,1
-0.0102,2
-0.01,0
-0.0098,5
-0.0096,2
-0.0094,4
-0.0092,4
-0.009,7
-0.0088,3
-0.0086,5
-0.0084,4
-0.0082,4
-0.008,8
-0.0078,3
-0.0076,6
-0.0074,4
-0.0072,11
-0.007,6
-0.0068,9
-0.0066,15
-0.0064,9
-0.0062,17
-0.006,8
-0.0058,10
-0.0056,15
-0.0054,16
-0.0052,27
-0.005,22
-0.0048,25
-0.0046,31
-0.0044,34
-0.0042,19
-0.004,21
-0.0038,28
-0.0036,24
-0.0034,37
-0.0032,44
-0.003,59
-0.0028,41
-0.0026,56
-0.0024,69
-0.0022,62
-0.002,52
-0.0018,63
-0.0016,56
-0.0014,30
-0.0012,10
-0.001,0
-0.0008,0
-0.0006,0
-0.0004,0
-0.0002,0
6.45e-018,0
0.0002,0
0.0004,0
0.0006,0
0.0008,0
0.001,0
0.0012,0
0.0014,0
0.0016,0
0.0018,0
0.002,0
0.0022,0
0.0024,0
0.0026,0
0.0028,0
0.003,0
