LECROYWR6050,13141,Histogram
Segments,1,SegmentSize,100
Segment,TrigTime,TimeSinceSegment1
#1,01-Jan-2002 01:22:03,0                 
Time,Ampl
-0.0168,0
-0.0166,1
-0.0164,0
-0.0162,0
-0.016,0
-0.0158,0
-0.0156,0
-0.0154,2
-0.0152,0
-0.015,1
-0.0148,0
-0.0146,0
-0.0144,0
-0.0142,0
-0.014,0
-0.0138,0
-0.0136,0
-0.0134,1
-0.0132,1
-0.013,0
-0.0128,0
-0.0126,1
-0.0124,1
-0.0122,1
-0.012,1
-0.0118,1
-0.0116,1
-0.0114,1
-0.0112,0
-0.011,2
-0.0108,0
-0.0106,1
-0.0104,3
-0.0102,2
-0.01,3
-0.0098,1
-0.0096,3
-0.0094,9
-0.0092,1
-0.009,3
-0.0088,4
-0.0086,4
-0.0084,3
-0.0082,2
-0.008,3
-0.0078,5
-0.0076,6
-0.0074,5
-0.0072,6
-0.007,13
-0.0068,14
-0.0066,6
-0.0064,8
-0.0062,8
-0.006,14
-0.0058,19
-0.0056,21
-0.0054,20
-0.0052,28
-0.005,26
-0.0048,29
-0.0046,15
-0.0044,18
-0.0042,18
-0.004,30
-0.0038,33
-0.0036,26
-0.0034,37
-0.0032,36
-0.003,43
-0.0028,39
-0.0026,66
-0.0024,84
-0.0022,66
-0.002,71
-0.0018,39
-0.0016,57
-0.0014,30
-0.0012,6
-0.001,1
-0.0008,0
-0.0006,0
-0.0004,0
-0.0002,0
6.45e-018,0
0.0002,0
0.0004,0
0.0006,0
0.0008,0
0.001,0
0.0012,0
0.0014,0
0.0016,0
0.0018,0
0.002,0
0.0022,0
0.0024,0
0.0026,0
0.0028,0
0.003,0
