LECROYWR6050,13141,Histogram
Segments,1,SegmentSize,100
Segment,TrigTime,TimeSinceSegment1
#1,01-Jan-2002 01:22:03,0                 
Time,Ampl
-0.0168,0
-0.0166,0
-0.0164,0
-0.0162,0
-0.016,0
-0.0158,1
-0.0156,0
-0.0154,0
-0.0152,0
-0.015,1
-0.0148,0
-0.0146,0
-0.0144,0
-0.0142,0
-0.014,0
-0.0138,1
-0.0136,0
-0.0134,0
-0.0132,0
-0.013,0
-0.0128,1
-0.0126,0
-0.0124,2
-0.0122,0
-0.012,1
-0.0118,2
-0.0116,0
-0.0114,2
-0.0112,0
-0.011,1
-0.0108,1
-0.0106,2
-0.0104,2
-0.0102,3
-0.01,1
-0.0098,1
-0.0096,3
-0.0094,3
-0.0092,4
-0.009,2
-0.0088,2
-0.0086,9
-0.0084,8
-0.0082,8
-0.008,9
-0.0078,4
-0.0076,4
-0.0074,9
-0.0072,6
-0.007,7
-0.0068,8
-0.0066,14
-0.0064,6
-0.0062,18
-0.006,12
-0.0058,17
-0.0056,17
-0.0054,9
-0.0052,31
-0.005,18
-0.0048,27
-0.0046,29
-0.0044,34
-0.0042,19
-0.004,30
-0.0038,32
-0.0036,31
-0.0034,32
-0.0032,39
-0.003,60
-0.0028,39
-0.0026,52
-0.0024,68
-0.0022,73
-0.002,45
-0.0018,50
-0.0016,46
-0.0014,33
-0.0012,7
-0.001,0
-0.0008,0
-0.0006,0
-0.0004,0
-0.0002,0
6.45e-018,0
0.0002,0
0.0004,0
0.0006,0
0.0008,0
0.001,0
0.0012,0
0.0014,0
0.0016,0
0.0018,0
0.002,0
0.0022,0
0.0024,0
0.0026,0
0.0028,0
0.003,0
