LECROYWR6050,13141,Histogram
Segments,1,SegmentSize,100
Segment,TrigTime,TimeSinceSegment1
#1,01-Jan-2002 01:22:03,0                 
Time,Ampl
-0.0168,0
-0.0166,0
-0.0164,0
-0.0162,0
-0.016,0
-0.0158,0
-0.0156,0
-0.0154,0
-0.0152,0
-0.015,0
-0.0148,2
-0.0146,0
-0.0144,0
-0.0142,0
-0.014,0
-0.0138,0
-0.0136,1
-0.0134,0
-0.0132,0
-0.013,0
-0.0128,0
-0.0126,0
-0.0124,0
-0.0122,1
-0.012,0
-0.0118,2
-0.0116,0
-0.0114,1
-0.0112,0
-0.011,0
-0.0108,2
-0.0106,2
-0.0104,1
-0.0102,4
-0.01,1
-0.0098,3
-0.0096,5
-0.0094,8
-0.0092,2
-0.009,3
-0.0088,5
-0.0086,3
-0.0084,4
-0.0082,3
-0.008,5
-0.0078,6
-0.0076,5
-0.0074,6
-0.0072,16
-0.007,9
-0.0068,8
-0.0066,10
-0.0064,5
-0.0062,22
-0.006,15
-0.0058,14
-0.0056,11
-0.0054,17
-0.0052,15
-0.005,19
-0.0048,24
-0.0046,26
-0.0044,35
-0.0042,25
-0.004,28
-0.0038,31
-0.0036,31
-0.0034,45
-0.0032,38
-0.003,69
-0.0028,51
-0.0026,67
-0.0024,68
-0.0022,53
-0.002,54
-0.0018,50
-0.0016,42
-0.0014,24
-0.0012,3
-0.001,0
-0.0008,0
-0.0006,0
-0.0004,0
-0.0002,0
6.45e-018,0
0.0002,0
0.0004,0
0.0006,0
0.0008,0
0.001,0
0.0012,0
0.0014,0
0.0016,0
0.0018,0
0.002,0
0.0022,0
0.0024,0
0.0026,0
0.0028,0
0.003,0
