LECROYWR6050,13141,Histogram
Segments,1,SegmentSize,100
Segment,TrigTime,TimeSinceSegment1
#1,01-Jan-2002 01:22:03,0                 
Time,Ampl
-0.0168,0
-0.0166,0
-0.0164,0
-0.0162,0
-0.016,0
-0.0158,0
-0.0156,0
-0.0154,0
-0.0152,0
-0.015,0
-0.0148,0
-0.0146,0
-0.0144,0
-0.0142,0
-0.014,0
-0.0138,0
-0.0136,0
-0.0134,1
-0.0132,1
-0.013,0
-0.0128,0
-0.0126,0
-0.0124,0
-0.0122,0
-0.012,0
-0.0118,0
-0.0116,0
-0.0114,2
-0.0112,2
-0.011,1
-0.0108,0
-0.0106,1
-0.0104,3
-0.0102,3
-0.01,0
-0.0098,1
-0.0096,3
-0.0094,4
-0.0092,2
-0.009,4
-0.0088,2
-0.0086,7
-0.0084,2
-0.0082,6
-0.008,4
-0.0078,2
-0.0076,15
-0.0074,4
-0.0072,9
-0.007,12
-0.0068,7
-0.0066,13
-0.0064,15
-0.0062,12
-0.006,20
-0.0058,22
-0.0056,22
-0.0054,16
-0.0052,14
-0.005,18
-0.0048,27
-0.0046,25
-0.0044,33
-0.0042,26
-0.004,32
-0.0038,34
-0.0036,41
-0.0034,45
-0.0032,41
-0.003,46
-0.0028,45
-0.0026,62
-0.0024,67
-0.0022,49
-0.002,49
-0.0018,32
-0.0016,54
-0.0014,32
-0.0012,10
-0.001,0
-0.0008,0
-0.0006,0
-0.0004,0
-0.0002,0
6.45e-018,0
0.0002,0
0.0004,0
0.0006,0
0.0008,0
0.001,0
0.0012,0
0.0014,0
0.0016,0
0.0018,0
0.002,0
0.0022,0
0.0024,0
0.0026,0
0.0028,0
0.003,0
