LECROYWR6050,13141,Histogram
Segments,1,SegmentSize,100
Segment,TrigTime,TimeSinceSegment1
#1,01-Jan-2002 01:22:03,0                 
Time,Ampl
-0.0168,0
-0.0166,0
-0.0164,0
-0.0162,0
-0.016,0
-0.0158,0
-0.0156,0
-0.0154,0
-0.0152,0
-0.015,0
-0.0148,0
-0.0146,1
-0.0144,1
-0.0142,1
-0.014,0
-0.0138,0
-0.0136,1
-0.0134,2
-0.0132,0
-0.013,1
-0.0128,0
-0.0126,0
-0.0124,0
-0.0122,0
-0.012,0
-0.0118,1
-0.0116,2
-0.0114,4
-0.0112,2
-0.011,2
-0.0108,0
-0.0106,0
-0.0104,1
-0.0102,2
-0.01,2
-0.0098,3
-0.0096,2
-0.0094,1
-0.0092,2
-0.009,5
-0.0088,6
-0.0086,4
-0.0084,3
-0.0082,4
-0.008,3
-0.0078,7
-0.0076,6
-0.0074,9
-0.0072,9
-0.007,7
-0.0068,5
-0.0066,9
-0.0064,13
-0.0062,15
-0.006,13
-0.0058,19
-0.0056,19
-0.0054,14
-0.0052,27
-0.005,15
-0.0048,20
-0.0046,18
-0.0044,35
-0.0042,32
-0.004,27
-0.0038,29
-0.0036,25
-0.0034,42
-0.0032,30
-0.003,52
-0.0028,52
-0.0026,53
-0.0024,90
-0.0022,69
-0.002,65
-0.0018,42
-0.0016,48
-0.0014,21
-0.0012,3
-0.001,0
-0.0008,0
-0.0006,0
-0.0004,0
-0.0002,0
6.45e-018,0
0.0002,0
0.0004,0
0.0006,0
0.0008,0
0.001,0
0.0012,0
0.0014,0
0.0016,0
0.0018,0
0.002,0
0.0022,0
0.0024,0
0.0026,0
0.0028,0
0.003,0
