LECROYWR6050,13141,Histogram
Segments,1,SegmentSize,100
Segment,TrigTime,TimeSinceSegment1
#1,01-Jan-2002 01:22:03,0                 
Time,Ampl
-0.0168,1
-0.0166,0
-0.0164,0
-0.0162,0
-0.016,0
-0.0158,1
-0.0156,0
-0.0154,0
-0.0152,0
-0.015,0
-0.0148,0
-0.0146,0
-0.0144,0
-0.0142,0
-0.014,0
-0.0138,0
-0.0136,0
-0.0134,0
-0.0132,0
-0.013,1
-0.0128,0
-0.0126,0
-0.0124,1
-0.0122,0
-0.012,1
-0.0118,0
-0.0116,1
-0.0114,1
-0.0112,1
-0.011,2
-0.0108,1
-0.0106,0
-0.0104,2
-0.0102,2
-0.01,1
-0.0098,2
-0.0096,6
-0.0094,1
-0.0092,6
-0.009,4
-0.0088,3
-0.0086,4
-0.0084,1
-0.0082,4
-0.008,7
-0.0078,5
-0.0076,12
-0.0074,11
-0.0072,7
-0.007,7
-0.0068,7
-0.0066,12
-0.0064,9
-0.0062,22
-0.006,12
-0.0058,21
-0.0056,15
-0.0054,25
-0.0052,23
-0.005,20
-0.0048,35
-0.0046,23
-0.0044,41
-0.0042,28
-0.004,31
-0.0038,42
-0.0036,38
-0.0034,45
-0.0032,49
-0.003,52
-0.0028,46
-0.0026,48
-0.0024,65
-0.0022,57
-0.002,55
-0.0018,28
-0.0016,36
-0.0014,13
-0.0012,6
-0.001,0
-0.0008,0
-0.0006,0
-0.0004,0
-0.0002,0
6.45e-018,0
0.0002,0
0.0004,0
0.0006,0
0.0008,0
0.001,0
0.0012,0
0.0014,0
0.0016,0
0.0018,0
0.002,0
0.0022,0
0.0024,0
0.0026,0
0.0028,0
0.003,0
