LECROYWR6050,13141,Histogram
Segments,1,SegmentSize,100
Segment,TrigTime,TimeSinceSegment1
#1,01-Jan-2002 01:22:03,0                 
Time,Ampl
-0.0168,1
-0.0166,0
-0.0164,0
-0.0162,0
-0.016,0
-0.0158,0
-0.0156,0
-0.0154,0
-0.0152,0
-0.015,0
-0.0148,0
-0.0146,0
-0.0144,1
-0.0142,0
-0.014,0
-0.0138,0
-0.0136,0
-0.0134,2
-0.0132,0
-0.013,0
-0.0128,0
-0.0126,1
-0.0124,0
-0.0122,0
-0.012,2
-0.0118,0
-0.0116,1
-0.0114,2
-0.0112,2
-0.011,2
-0.0108,2
-0.0106,0
-0.0104,2
-0.0102,3
-0.01,2
-0.0098,1
-0.0096,2
-0.0094,4
-0.0092,2
-0.009,3
-0.0088,4
-0.0086,8
-0.0084,4
-0.0082,7
-0.008,5
-0.0078,15
-0.0076,8
-0.0074,7
-0.0072,20
-0.007,10
-0.0068,8
-0.0066,8
-0.0064,6
-0.0062,15
-0.006,11
-0.0058,27
-0.0056,17
-0.0054,20
-0.0052,37
-0.005,30
-0.0048,20
-0.0046,26
-0.0044,28
-0.0042,23
-0.004,30
-0.0038,30
-0.0036,40
-0.0034,45
-0.0032,30
-0.003,56
-0.0028,53
-0.0026,66
-0.0024,70
-0.0022,60
-0.002,53
-0.0018,33
-0.0016,24
-0.0014,7
-0.0012,4
-0.001,0
-0.0008,0
-0.0006,0
-0.0004,0
-0.0002,0
6.45e-018,0
0.0002,0
0.0004,0
0.0006,0
0.0008,0
0.001,0
0.0012,0
0.0014,0
0.0016,0
0.0018,0
0.002,0
0.0022,0
0.0024,0
0.0026,0
0.0028,0
0.003,0
