LECROYWR6050,13141,Histogram
Segments,1,SegmentSize,100
Segment,TrigTime,TimeSinceSegment1
#1,01-Jan-2002 01:22:03,0                 
Time,Ampl
-0.0168,1
-0.0166,0
-0.0164,0
-0.0162,0
-0.016,0
-0.0158,0
-0.0156,0
-0.0154,0
-0.0152,0
-0.015,0
-0.0148,0
-0.0146,1
-0.0144,0
-0.0142,0
-0.014,0
-0.0138,0
-0.0136,0
-0.0134,1
-0.0132,0
-0.013,0
-0.0128,1
-0.0126,0
-0.0124,0
-0.0122,0
-0.012,1
-0.0118,2
-0.0116,0
-0.0114,1
-0.0112,1
-0.011,2
-0.0108,2
-0.0106,0
-0.0104,2
-0.0102,2
-0.01,5
-0.0098,1
-0.0096,1
-0.0094,3
-0.0092,0
-0.009,6
-0.0088,7
-0.0086,3
-0.0084,4
-0.0082,6
-0.008,4
-0.0078,6
-0.0076,12
-0.0074,6
-0.0072,9
-0.007,13
-0.0068,12
-0.0066,9
-0.0064,11
-0.0062,16
-0.006,9
-0.0058,23
-0.0056,12
-0.0054,17
-0.0052,25
-0.005,25
-0.0048,26
-0.0046,26
-0.0044,36
-0.0042,30
-0.004,31
-0.0038,48
-0.0036,41
-0.0034,44
-0.0032,46
-0.003,55
-0.0028,58
-0.0026,60
-0.0024,74
-0.0022,45
-0.002,57
-0.0018,25
-0.0016,22
-0.0014,11
-0.0012,0
-0.001,0
-0.0008,0
-0.0006,0
-0.0004,0
-0.0002,0
6.45e-018,0
0.0002,0
0.0004,0
0.0006,0
0.0008,0
0.001,0
0.0012,0
0.0014,0
0.0016,0
0.0018,0
0.002,0
0.0022,0
0.0024,0
0.0026,0
0.0028,0
0.003,0
