LECROYWR6050,13141,Histogram
Segments,1,SegmentSize,100
Segment,TrigTime,TimeSinceSegment1
#1,01-Jan-2002 01:22:03,0                 
Time,Ampl
-0.0168,0
-0.0166,0
-0.0164,0
-0.0162,0
-0.016,0
-0.0158,0
-0.0156,0
-0.0154,0
-0.0152,1
-0.015,0
-0.0148,0
-0.0146,0
-0.0144,0
-0.0142,0
-0.014,0
-0.0138,0
-0.0136,1
-0.0134,2
-0.0132,0
-0.013,1
-0.0128,0
-0.0126,0
-0.0124,0
-0.0122,1
-0.012,0
-0.0118,2
-0.0116,2
-0.0114,1
-0.0112,1
-0.011,0
-0.0108,3
-0.0106,2
-0.0104,2
-0.0102,2
-0.01,0
-0.0098,5
-0.0096,4
-0.0094,2
-0.0092,1
-0.009,5
-0.0088,8
-0.0086,5
-0.0084,4
-0.0082,4
-0.008,8
-0.0078,7
-0.0076,8
-0.0074,4
-0.0072,6
-0.007,13
-0.0068,12
-0.0066,12
-0.0064,14
-0.0062,18
-0.006,17
-0.0058,22
-0.0056,19
-0.0054,16
-0.0052,23
-0.005,29
-0.0048,21
-0.0046,23
-0.0044,31
-0.0042,26
-0.004,24
-0.0038,42
-0.0036,26
-0.0034,48
-0.0032,40
-0.003,53
-0.0028,46
-0.0026,58
-0.0024,66
-0.0022,52
-0.002,50
-0.0018,51
-0.0016,33
-0.0014,17
-0.0012,5
-0.001,0
-0.0008,0
-0.0006,0
-0.0004,0
-0.0002,0
6.45e-018,0
0.0002,0
0.0004,0
0.0006,0
0.0008,0
0.001,0
0.0012,0
0.0014,0
0.0016,0
0.0018,0
0.002,0
0.0022,0
0.0024,0
0.0026,0
0.0028,0
0.003,0
