LECROYWR6050,13141,Histogram
Segments,1,SegmentSize,100
Segment,TrigTime,TimeSinceSegment1
#1,01-Jan-2002 01:22:03,0                 
Time,Ampl
-0.0168,0
-0.0166,0
-0.0164,0
-0.0162,0
-0.016,0
-0.0158,0
-0.0156,0
-0.0154,0
-0.0152,0
-0.015,0
-0.0148,0
-0.0146,0
-0.0144,0
-0.0142,1
-0.014,0
-0.0138,0
-0.0136,0
-0.0134,0
-0.0132,0
-0.013,0
-0.0128,0
-0.0126,0
-0.0124,1
-0.0122,1
-0.012,0
-0.0118,1
-0.0116,1
-0.0114,1
-0.0112,0
-0.011,0
-0.0108,2
-0.0106,0
-0.0104,2
-0.0102,2
-0.01,5
-0.0098,4
-0.0096,3
-0.0094,4
-0.0092,2
-0.009,3
-0.0088,7
-0.0086,12
-0.0084,7
-0.0082,3
-0.008,11
-0.0078,6
-0.0076,7
-0.0074,12
-0.0072,4
-0.007,11
-0.0068,8
-0.0066,14
-0.0064,6
-0.0062,13
-0.006,13
-0.0058,13
-0.0056,15
-0.0054,14
-0.0052,31
-0.005,22
-0.0048,26
-0.0046,31
-0.0044,37
-0.0042,27
-0.004,40
-0.0038,33
-0.0036,38
-0.0034,39
-0.0032,49
-0.003,55
-0.0028,59
-0.0026,50
-0.0024,82
-0.0022,60
-0.002,50
-0.0018,35
-0.0016,19
-0.0014,5
-0.0012,2
-0.001,0
-0.0008,0
-0.0006,0
-0.0004,0
-0.0002,0
6.45e-018,0
0.0002,0
0.0004,0
0.0006,0
0.0008,0
0.001,0
0.0012,0
0.0014,0
0.0016,0
0.0018,0
0.002,0
0.0022,0
0.0024,0
0.0026,0
0.0028,0
0.003,0
