LECROYWR6050,13141,Histogram
Segments,1,SegmentSize,100
Segment,TrigTime,TimeSinceSegment1
#1,01-Jan-2002 01:22:03,0                 
Time,Ampl
-0.0168,0
-0.0166,0
-0.0164,0
-0.0162,0
-0.016,0
-0.0158,0
-0.0156,0
-0.0154,0
-0.0152,0
-0.015,0
-0.0148,0
-0.0146,1
-0.0144,0
-0.0142,1
-0.014,0
-0.0138,0
-0.0136,2
-0.0134,0
-0.0132,0
-0.013,2
-0.0128,0
-0.0126,0
-0.0124,0
-0.0122,1
-0.012,0
-0.0118,1
-0.0116,4
-0.0114,2
-0.0112,1
-0.011,1
-0.0108,1
-0.0106,1
-0.0104,3
-0.0102,2
-0.01,2
-0.0098,4
-0.0096,1
-0.0094,1
-0.0092,2
-0.009,5
-0.0088,5
-0.0086,5
-0.0084,5
-0.0082,3
-0.008,3
-0.0078,6
-0.0076,6
-0.0074,8
-0.0072,11
-0.007,6
-0.0068,11
-0.0066,12
-0.0064,16
-0.0062,12
-0.006,8
-0.0058,23
-0.0056,17
-0.0054,15
-0.0052,31
-0.005,14
-0.0048,15
-0.0046,16
-0.0044,33
-0.0042,37
-0.004,25
-0.0038,27
-0.0036,22
-0.0034,36
-0.0032,36
-0.003,62
-0.0028,58
-0.0026,53
-0.0024,90
-0.0022,68
-0.002,57
-0.0018,31
-0.0016,48
-0.0014,25
-0.0012,2
-0.001,0
-0.0008,0
-0.0006,0
-0.0004,0
-0.0002,0
6.45e-018,0
0.0002,0
0.0004,0
0.0006,0
0.0008,0
0.001,0
0.0012,0
0.0014,0
0.0016,0
0.0018,0
0.002,0
0.0022,0
0.0024,0
0.0026,0
0.0028,0
0.003,0
