LECROYWR6050,13141,Histogram
Segments,1,SegmentSize,100
Segment,TrigTime,TimeSinceSegment1
#1,01-Jan-2002 01:22:03,0                 
Time,Ampl
-0.0168,0
-0.0166,0
-0.0164,1
-0.0162,0
-0.016,0
-0.0158,0
-0.0156,0
-0.0154,0
-0.0152,1
-0.015,0
-0.0148,0
-0.0146,0
-0.0144,0
-0.0142,0
-0.014,0
-0.0138,0
-0.0136,0
-0.0134,1
-0.0132,0
-0.013,1
-0.0128,0
-0.0126,1
-0.0124,2
-0.0122,1
-0.012,0
-0.0118,1
-0.0116,0
-0.0114,2
-0.0112,0
-0.011,1
-0.0108,2
-0.0106,1
-0.0104,2
-0.0102,4
-0.01,1
-0.0098,3
-0.0096,2
-0.0094,3
-0.0092,4
-0.009,5
-0.0088,5
-0.0086,3
-0.0084,5
-0.0082,6
-0.008,12
-0.0078,6
-0.0076,6
-0.0074,13
-0.0072,6
-0.007,7
-0.0068,9
-0.0066,12
-0.0064,17
-0.0062,17
-0.006,19
-0.0058,22
-0.0056,17
-0.0054,21
-0.0052,24
-0.005,24
-0.0048,38
-0.0046,21
-0.0044,21
-0.0042,29
-0.004,31
-0.0038,44
-0.0036,44
-0.0034,44
-0.0032,40
-0.003,38
-0.0028,48
-0.0026,61
-0.0024,67
-0.0022,51
-0.002,52
-0.0018,34
-0.0016,30
-0.0014,11
-0.0012,6
-0.001,0
-0.0008,0
-0.0006,0
-0.0004,0
-0.0002,0
6.45e-018,0
0.0002,0
0.0004,0
0.0006,0
0.0008,0
0.001,0
0.0012,0
0.0014,0
0.0016,0
0.0018,0
0.002,0
0.0022,0
0.0024,0
0.0026,0
0.0028,0
0.003,0
