LECROYWR6050,13141,Histogram
Segments,1,SegmentSize,100
Segment,TrigTime,TimeSinceSegment1
#1,01-Jan-2002 01:22:03,0                 
Time,Ampl
-0.0168,0
-0.0166,0
-0.0164,0
-0.0162,0
-0.016,0
-0.0158,1
-0.0156,0
-0.0154,0
-0.0152,0
-0.015,0
-0.0148,0
-0.0146,0
-0.0144,0
-0.0142,0
-0.014,0
-0.0138,0
-0.0136,1
-0.0134,0
-0.0132,0
-0.013,1
-0.0128,1
-0.0126,0
-0.0124,2
-0.0122,0
-0.012,1
-0.0118,1
-0.0116,0
-0.0114,1
-0.0112,0
-0.011,4
-0.0108,1
-0.0106,0
-0.0104,1
-0.0102,2
-0.01,1
-0.0098,2
-0.0096,4
-0.0094,3
-0.0092,3
-0.009,4
-0.0088,3
-0.0086,5
-0.0084,2
-0.0082,6
-0.008,5
-0.0078,6
-0.0076,7
-0.0074,11
-0.0072,9
-0.007,7
-0.0068,9
-0.0066,18
-0.0064,10
-0.0062,15
-0.006,16
-0.0058,23
-0.0056,22
-0.0054,22
-0.0052,28
-0.005,22
-0.0048,33
-0.0046,26
-0.0044,48
-0.0042,25
-0.004,40
-0.0038,34
-0.0036,41
-0.0034,43
-0.0032,36
-0.003,51
-0.0028,39
-0.0026,53
-0.0024,70
-0.0022,55
-0.002,58
-0.0018,26
-0.0016,26
-0.0014,10
-0.0012,5
-0.001,0
-0.0008,0
-0.0006,0
-0.0004,0
-0.0002,0
6.45e-018,0
0.0002,0
0.0004,0
0.0006,0
0.0008,0
0.001,0
0.0012,0
0.0014,0
0.0016,0
0.0018,0
0.002,0
0.0022,0
0.0024,0
0.0026,0
0.0028,0
0.003,0
