LECROYWR6050,13141,Histogram
Segments,1,SegmentSize,100
Segment,TrigTime,TimeSinceSegment1
#1,01-Jan-2002 01:22:03,0                 
Time,Ampl
-0.0168,0
-0.0166,0
-0.0164,0
-0.0162,0
-0.016,0
-0.0158,0
-0.0156,0
-0.0154,0
-0.0152,0
-0.015,0
-0.0148,0
-0.0146,0
-0.0144,1
-0.0142,0
-0.014,0
-0.0138,0
-0.0136,0
-0.0134,0
-0.0132,0
-0.013,0
-0.0128,1
-0.0126,0
-0.0124,0
-0.0122,0
-0.012,0
-0.0118,1
-0.0116,2
-0.0114,0
-0.0112,2
-0.011,0
-0.0108,4
-0.0106,4
-0.0104,3
-0.0102,2
-0.01,1
-0.0098,3
-0.0096,1
-0.0094,3
-0.0092,7
-0.009,1
-0.0088,5
-0.0086,4
-0.0084,7
-0.0082,5
-0.008,5
-0.0078,5
-0.0076,8
-0.0074,4
-0.0072,10
-0.007,9
-0.0068,17
-0.0066,13
-0.0064,14
-0.0062,9
-0.006,11
-0.0058,12
-0.0056,13
-0.0054,14
-0.0052,13
-0.005,15
-0.0048,27
-0.0046,21
-0.0044,25
-0.0042,21
-0.004,30
-0.0038,33
-0.0036,34
-0.0034,50
-0.0032,41
-0.003,45
-0.0028,51
-0.0026,73
-0.0024,65
-0.0022,63
-0.002,54
-0.0018,39
-0.0016,60
-0.0014,32
-0.0012,5
-0.001,0
-0.0008,0
-0.0006,0
-0.0004,0
-0.0002,0
6.45e-018,0
0.0002,0
0.0004,0
0.0006,0
0.0008,0
0.001,0
0.0012,0
0.0014,0
0.0016,0
0.0018,0
0.002,0
0.0022,0
0.0024,0
0.0026,0
0.0028,0
0.003,0
