LECROYWR6050,13141,Histogram
Segments,1,SegmentSize,100
Segment,TrigTime,TimeSinceSegment1
#1,01-Jan-2002 01:22:03,0                 
Time,Ampl
-0.0168,1
-0.0166,0
-0.0164,0
-0.0162,0
-0.016,0
-0.0158,0
-0.0156,0
-0.0154,0
-0.0152,0
-0.015,0
-0.0148,0
-0.0146,0
-0.0144,0
-0.0142,0
-0.014,0
-0.0138,0
-0.0136,0
-0.0134,0
-0.0132,0
-0.013,0
-0.0128,0
-0.0126,2
-0.0124,0
-0.0122,0
-0.012,2
-0.0118,1
-0.0116,1
-0.0114,1
-0.0112,4
-0.011,0
-0.0108,0
-0.0106,2
-0.0104,4
-0.0102,3
-0.01,0
-0.0098,1
-0.0096,3
-0.0094,2
-0.0092,6
-0.009,6
-0.0088,4
-0.0086,5
-0.0084,2
-0.0082,6
-0.008,7
-0.0078,6
-0.0076,7
-0.0074,8
-0.0072,9
-0.007,7
-0.0068,7
-0.0066,15
-0.0064,11
-0.0062,26
-0.006,10
-0.0058,17
-0.0056,21
-0.0054,19
-0.0052,27
-0.005,16
-0.0048,34
-0.0046,23
-0.0044,40
-0.0042,33
-0.004,35
-0.0038,32
-0.0036,37
-0.0034,44
-0.0032,48
-0.003,56
-0.0028,47
-0.0026,54
-0.0024,68
-0.0022,60
-0.002,51
-0.0018,29
-0.0016,29
-0.0014,9
-0.0012,2
-0.001,0
-0.0008,0
-0.0006,0
-0.0004,0
-0.0002,0
6.45e-018,0
0.0002,0
0.0004,0
0.0006,0
0.0008,0
0.001,0
0.0012,0
0.0014,0
0.0016,0
0.0018,0
0.002,0
0.0022,0
0.0024,0
0.0026,0
0.0028,0
0.003,0
