LECROYWR6050,13141,Histogram
Segments,1,SegmentSize,100
Segment,TrigTime,TimeSinceSegment1
#1,01-Jan-2002 01:22:03,0                 
Time,Ampl
-0.0168,0
-0.0166,0
-0.0164,0
-0.0162,0
-0.016,0
-0.0158,0
-0.0156,0
-0.0154,0
-0.0152,0
-0.015,0
-0.0148,0
-0.0146,0
-0.0144,0
-0.0142,0
-0.014,0
-0.0138,2
-0.0136,1
-0.0134,2
-0.0132,1
-0.013,1
-0.0128,0
-0.0126,0
-0.0124,1
-0.0122,1
-0.012,1
-0.0118,2
-0.0116,2
-0.0114,2
-0.0112,0
-0.011,0
-0.0108,3
-0.0106,2
-0.0104,0
-0.0102,2
-0.01,2
-0.0098,2
-0.0096,2
-0.0094,1
-0.0092,2
-0.009,5
-0.0088,8
-0.0086,10
-0.0084,7
-0.0082,7
-0.008,12
-0.0078,4
-0.0076,6
-0.0074,4
-0.0072,12
-0.007,3
-0.0068,15
-0.0066,11
-0.0064,7
-0.0062,16
-0.006,10
-0.0058,29
-0.0056,18
-0.0054,14
-0.0052,18
-0.005,25
-0.0048,20
-0.0046,24
-0.0044,34
-0.0042,30
-0.004,32
-0.0038,44
-0.0036,38
-0.0034,42
-0.0032,41
-0.003,48
-0.0028,60
-0.0026,59
-0.0024,70
-0.0022,60
-0.002,57
-0.0018,27
-0.0016,35
-0.0014,5
-0.0012,1
-0.001,0
-0.0008,0
-0.0006,0
-0.0004,0
-0.0002,0
6.45e-018,0
0.0002,0
0.0004,0
0.0006,0
0.0008,0
0.001,0
0.0012,0
0.0014,0
0.0016,0
0.0018,0
0.002,0
0.0022,0
0.0024,0
0.0026,0
0.0028,0
0.003,0
