LECROYWR6050,13141,Histogram
Segments,1,SegmentSize,100
Segment,TrigTime,TimeSinceSegment1
#1,01-Jan-2002 01:22:03,0                 
Time,Ampl
-0.0168,0
-0.0166,0
-0.0164,0
-0.0162,0
-0.016,0
-0.0158,0
-0.0156,0
-0.0154,0
-0.0152,0
-0.015,1
-0.0148,0
-0.0146,0
-0.0144,0
-0.0142,0
-0.014,0
-0.0138,1
-0.0136,0
-0.0134,1
-0.0132,0
-0.013,1
-0.0128,1
-0.0126,0
-0.0124,0
-0.0122,2
-0.012,0
-0.0118,2
-0.0116,2
-0.0114,0
-0.0112,0
-0.011,1
-0.0108,2
-0.0106,6
-0.0104,3
-0.0102,0
-0.01,3
-0.0098,4
-0.0096,1
-0.0094,0
-0.0092,2
-0.009,0
-0.0088,5
-0.0086,6
-0.0084,9
-0.0082,5
-0.008,4
-0.0078,3
-0.0076,6
-0.0074,6
-0.0072,14
-0.007,9
-0.0068,9
-0.0066,12
-0.0064,10
-0.0062,20
-0.006,12
-0.0058,15
-0.0056,10
-0.0054,19
-0.0052,27
-0.005,23
-0.0048,25
-0.0046,24
-0.0044,38
-0.0042,25
-0.004,34
-0.0038,33
-0.0036,32
-0.0034,53
-0.0032,32
-0.003,54
-0.0028,50
-0.0026,53
-0.0024,66
-0.0022,62
-0.002,62
-0.0018,44
-0.0016,35
-0.0014,13
-0.0012,5
-0.001,0
-0.0008,0
-0.0006,0
-0.0004,0
-0.0002,0
6.45e-018,0
0.0002,0
0.0004,0
0.0006,0
0.0008,0
0.001,0
0.0012,0
0.0014,0
0.0016,0
0.0018,0
0.002,0
0.0022,0
0.0024,0
0.0026,0
0.0028,0
0.003,0
