LECROYWR6050,13141,Histogram
Segments,1,SegmentSize,100
Segment,TrigTime,TimeSinceSegment1
#1,01-Jan-2002 01:22:03,0                 
Time,Ampl
-0.0168,0
-0.0166,0
-0.0164,0
-0.0162,0
-0.016,0
-0.0158,0
-0.0156,1
-0.0154,0
-0.0152,1
-0.015,0
-0.0148,0
-0.0146,0
-0.0144,0
-0.0142,0
-0.014,0
-0.0138,0
-0.0136,0
-0.0134,1
-0.0132,1
-0.013,1
-0.0128,0
-0.0126,0
-0.0124,0
-0.0122,1
-0.012,0
-0.0118,1
-0.0116,0
-0.0114,2
-0.0112,0
-0.011,0
-0.0108,2
-0.0106,2
-0.0104,0
-0.0102,0
-0.01,2
-0.0098,2
-0.0096,4
-0.0094,4
-0.0092,2
-0.009,1
-0.0088,2
-0.0086,4
-0.0084,2
-0.0082,0
-0.008,5
-0.0078,5
-0.0076,5
-0.0074,11
-0.0072,10
-0.007,6
-0.0068,9
-0.0066,7
-0.0064,13
-0.0062,14
-0.006,10
-0.0058,12
-0.0056,16
-0.0054,18
-0.0052,32
-0.005,16
-0.0048,32
-0.0046,31
-0.0044,29
-0.0042,28
-0.004,28
-0.0038,32
-0.0036,34
-0.0034,43
-0.0032,42
-0.003,53
-0.0028,55
-0.0026,62
-0.0024,72
-0.0022,66
-0.002,61
-0.0018,30
-0.0016,53
-0.0014,14
-0.0012,9
-0.001,0
-0.0008,0
-0.0006,0
-0.0004,0
-0.0002,0
6.45e-018,0
0.0002,0
0.0004,0
0.0006,0
0.0008,0
0.001,0
0.0012,0
0.0014,0
0.0016,0
0.0018,0
0.002,0
0.0022,0
0.0024,0
0.0026,0
0.0028,0
0.003,0
