LECROYWR6050,13141,Histogram
Segments,1,SegmentSize,100
Segment,TrigTime,TimeSinceSegment1
#1,01-Jan-2002 01:22:03,0                 
Time,Ampl
-0.0168,0
-0.0166,0
-0.0164,0
-0.0162,0
-0.016,0
-0.0158,0
-0.0156,0
-0.0154,0
-0.0152,0
-0.015,0
-0.0148,0
-0.0146,0
-0.0144,0
-0.0142,0
-0.014,0
-0.0138,0
-0.0136,1
-0.0134,0
-0.0132,0
-0.013,0
-0.0128,0
-0.0126,1
-0.0124,1
-0.0122,1
-0.012,0
-0.0118,2
-0.0116,2
-0.0114,2
-0.0112,0
-0.011,1
-0.0108,3
-0.0106,1
-0.0104,1
-0.0102,2
-0.01,3
-0.0098,6
-0.0096,0
-0.0094,3
-0.0092,1
-0.009,8
-0.0088,3
-0.0086,6
-0.0084,6
-0.0082,6
-0.008,6
-0.0078,4
-0.0076,5
-0.0074,7
-0.0072,11
-0.007,10
-0.0068,2
-0.0066,10
-0.0064,11
-0.0062,15
-0.006,11
-0.0058,12
-0.0056,31
-0.0054,24
-0.0052,22
-0.005,24
-0.0048,24
-0.0046,20
-0.0044,24
-0.0042,19
-0.004,29
-0.0038,45
-0.0036,39
-0.0034,41
-0.0032,28
-0.003,35
-0.0028,48
-0.0026,47
-0.0024,89
-0.0022,64
-0.002,57
-0.0018,43
-0.0016,52
-0.0014,28
-0.0012,3
-0.001,0
-0.0008,0
-0.0006,0
-0.0004,0
-0.0002,0
6.45e-018,0
0.0002,0
0.0004,0
0.0006,0
0.0008,0
0.001,0
0.0012,0
0.0014,0
0.0016,0
0.0018,0
0.002,0
0.0022,0
0.0024,0
0.0026,0
0.0028,0
0.003,0
